
   5.8000000e-01  -5.3253307e-01
  -1.3000000e+00  -8.9549475e-01
   1.3400000e+00   1.1737515e+00
   2.0000000e-02   2.9736708e+00
  -4.6000000e-01   3.7502128e+00
  -1.3400000e+00   4.4819861e-01
  -1.0200000e+00  -7.8317427e-01
  -6.2000000e-01  -1.5472539e+00
   1.5800000e+00   4.2357139e+00
   1.5000000e+00   4.0521399e+00
   1.7000000e+00   4.3901043e+00
  -3.8000000e-01   3.0513257e+00
   2.1800000e+00   4.5719484e+00
  -1.4600000e+00   3.3719348e-01
   6.2000000e-01  -1.0453550e+00
   2.4600000e+00   7.1631012e+00
   1.0000000e-01   2.9843859e+00
   1.6200000e+00   3.1118762e+00
   1.8200000e+00   2.4663073e+00
   2.1000000e+00   3.2767440e+00
   7.8000000e-01  -8.4964917e-01
  -5.0000000e-01  -5.5921510e-01
   6.6000000e-01   7.7521816e-01
   2.0600000e+00   4.3584026e+00
   4.6000000e-01   1.7930829e+00
   2.2000000e-01   1.0954878e+00
   1.7800000e+00   3.8383913e+00
   9.8000000e-01  -9.7158785e-01
   1.9400000e+00   3.3964396e+00
   1.3000000e+00   3.5348904e+00
  -1.3800000e+00   1.1373125e+00
   1.4600000e+00   2.8495176e+00
   1.2600000e+00   1.8781637e+00
   1.2200000e+00   2.6666506e-01
   7.4000000e-01  -2.2849061e+00
   8.6000000e-01  -4.6228848e-01
  -2.6000000e-01   3.3690677e+00
   2.4200000e+00   5.1109994e+00
   1.7400000e+00   3.0630843e+00
  -4.2000000e-01   3.2539107e+00
  -8.2000000e-01   1.9092828e+00
  -1.4000000e-01   3.6890964e+00
  -1.2600000e+00   4.5446010e-01
   1.1000000e+00  -5.9085384e-01
   2.2600000e+00   2.7976882e+00
  -7.4000000e-01  -7.4562972e-03
  -1.2200000e+00   6.1130739e-01
  -3.4000000e-01   2.7806056e+00
   1.9000000e+00   3.6470204e+00
   1.0600000e+00   8.1774697e-01
  -5.4000000e-01   3.4107582e-01
   1.3800000e+00   2.5597432e+00
   2.0200000e+00   3.8491800e+00
   1.0200000e+00  -5.0340996e-01
  -1.5000000e+00   1.8450336e+00
   2.2200000e+00   3.4519320e+00
  -7.0000000e-01  -8.7115884e-01
   7.0000000e-01  -4.6509484e-02
  -1.0600000e+00  -2.0553854e+00
  -7.8000000e-01   4.7904616e-01
   3.4000000e-01   1.2144389e+00
   9.0000000e-01  -8.2936945e-01
   1.1400000e+00   2.7359688e-01
  -1.1800000e+00  -1.2015693e+00
  -1.4200000e+00  -4.5458578e-01
  -5.8000000e-01  -2.1426134e-01
   2.3800000e+00   5.6657797e+00
   2.3000000e+00   5.1388833e+00
   6.0000000e-02   1.8444601e+00
   8.2000000e-01  -1.3361178e+00
  -1.1400000e+00   8.4157570e-01
   1.4200000e+00   4.3022334e+00
  -6.6000000e-01  -7.1650827e-01
   1.4000000e-01   1.6264924e+00
  -8.6000000e-01   8.4036397e-01
   2.1400000e+00   3.8084721e+00
   2.6000000e-01   3.9610245e+00
  -9.0000000e-01  -1.2493485e+00
   1.5400000e+00   3.6901623e+00
  -2.2000000e-01   3.9911595e+00
  -9.4000000e-01  -1.2684372e+00
   3.0000000e-01   2.0681084e+00
  -6.0000000e-02   3.2819981e+00
   5.0000000e-01   1.6389044e+00
   3.8000000e-01   2.2455462e+00
  -1.1000000e+00   1.8072100e+00
   1.8000000e-01   3.9268371e+00
  -9.8000000e-01  -6.2445528e-01
   5.4000000e-01   3.6558049e+00
  -1.8000000e-01   3.8924304e+00
   1.1800000e+00   2.2785468e+00
  -1.0000000e-01   3.5863362e+00
   1.6600000e+00   3.3183553e+00
  -3.0000000e-01   2.4248155e+00
  -2.0000000e-02   3.7941778e+00
   2.5000000e+00   4.8478623e+00
   9.4000000e-01  -1.5408824e+00
   4.2000000e-01  -1.4929973e-01
   1.9800000e+00   3.1852053e+00
   1.8600000e+00   5.0623186e+00
